intrinsics:
- [538.391033533567, 0.0, 315.3074696331638]
- [0.0, 538.085452058436, 233.0483557773859]
- [0.0, 0.0, 1.0]
depth_to_m: 1000